{
 "cells": [
  {
   "cell_type": "code",
   "execution_count": 1,
   "id": "1a594b11",
   "metadata": {},
   "outputs": [],
   "source": [
    "import pandas as pd"
   ]
  },
  {
   "cell_type": "code",
   "execution_count": 2,
   "id": "24df40a3",
   "metadata": {},
   "outputs": [],
   "source": [
    "df = pd.read_csv('house_prices.csv')"
   ]
  },
  {
   "cell_type": "code",
   "execution_count": 3,
   "id": "c666fb03",
   "metadata": {},
   "outputs": [
    {
     "name": "stdout",
     "output_type": "stream",
     "text": [
      "<class 'pandas.DataFrame'>\n",
      "RangeIndex: 21613 entries, 0 to 21612\n",
      "Data columns (total 21 columns):\n",
      " #   Column         Non-Null Count  Dtype  \n",
      "---  ------         --------------  -----  \n",
      " 0   id             21613 non-null  int64  \n",
      " 1   date           21613 non-null  str    \n",
      " 2   price          21613 non-null  float64\n",
      " 3   bedrooms       21613 non-null  int64  \n",
      " 4   bathrooms      21613 non-null  float64\n",
      " 5   sqft_living    21613 non-null  int64  \n",
      " 6   sqft_lot       21613 non-null  int64  \n",
      " 7   floors         21613 non-null  float64\n",
      " 8   waterfront     21613 non-null  str    \n",
      " 9   view           21613 non-null  int64  \n",
      " 10  condition      21613 non-null  str    \n",
      " 11  grade          21613 non-null  int64  \n",
      " 12  sqft_above     21613 non-null  int64  \n",
      " 13  sqft_basement  21613 non-null  int64  \n",
      " 14  yr_built       21613 non-null  int64  \n",
      " 15  yr_renovated   21613 non-null  int64  \n",
      " 16  zipcode        21613 non-null  int64  \n",
      " 17  lat            21613 non-null  float64\n",
      " 18  long           21613 non-null  float64\n",
      " 19  sqft_living15  21613 non-null  int64  \n",
      " 20  sqft_lot15     21613 non-null  int64  \n",
      "dtypes: float64(5), int64(13), str(3)\n",
      "memory usage: 3.5 MB\n"
     ]
    }
   ],
   "source": [
    "df.info()"
   ]
  },
  {
   "cell_type": "code",
   "execution_count": 4,
   "id": "cd9fb9cc",
   "metadata": {},
   "outputs": [
    {
     "data": {
      "text/plain": [
       "id               0\n",
       "date             0\n",
       "price            0\n",
       "bedrooms         0\n",
       "bathrooms        0\n",
       "sqft_living      0\n",
       "sqft_lot         0\n",
       "floors           0\n",
       "waterfront       0\n",
       "view             0\n",
       "condition        0\n",
       "grade            0\n",
       "sqft_above       0\n",
       "sqft_basement    0\n",
       "yr_built         0\n",
       "yr_renovated     0\n",
       "zipcode          0\n",
       "lat              0\n",
       "long             0\n",
       "sqft_living15    0\n",
       "sqft_lot15       0\n",
       "dtype: int64"
      ]
     },
     "execution_count": 4,
     "metadata": {},
     "output_type": "execute_result"
    }
   ],
   "source": [
    "df.isnull().sum()"
   ]
  },
  {
   "cell_type": "code",
   "execution_count": 5,
   "id": "d728444a",
   "metadata": {},
   "outputs": [],
   "source": [
    "df = df.drop_duplicates()"
   ]
  },
  {
   "cell_type": "code",
   "execution_count": 6,
   "id": "c83db2c9",
   "metadata": {},
   "outputs": [
    {
     "name": "stdout",
     "output_type": "stream",
     "text": [
      "<class 'pandas.DataFrame'>\n",
      "RangeIndex: 21613 entries, 0 to 21612\n",
      "Data columns (total 21 columns):\n",
      " #   Column         Non-Null Count  Dtype  \n",
      "---  ------         --------------  -----  \n",
      " 0   id             21613 non-null  int64  \n",
      " 1   date           21613 non-null  str    \n",
      " 2   price          21613 non-null  float64\n",
      " 3   bedrooms       21613 non-null  int64  \n",
      " 4   bathrooms      21613 non-null  float64\n",
      " 5   sqft_living    21613 non-null  int64  \n",
      " 6   sqft_lot       21613 non-null  int64  \n",
      " 7   floors         21613 non-null  float64\n",
      " 8   waterfront     21613 non-null  str    \n",
      " 9   view           21613 non-null  int64  \n",
      " 10  condition      21613 non-null  str    \n",
      " 11  grade          21613 non-null  int64  \n",
      " 12  sqft_above     21613 non-null  int64  \n",
      " 13  sqft_basement  21613 non-null  int64  \n",
      " 14  yr_built       21613 non-null  int64  \n",
      " 15  yr_renovated   21613 non-null  int64  \n",
      " 16  zipcode        21613 non-null  int64  \n",
      " 17  lat            21613 non-null  float64\n",
      " 18  long           21613 non-null  float64\n",
      " 19  sqft_living15  21613 non-null  int64  \n",
      " 20  sqft_lot15     21613 non-null  int64  \n",
      "dtypes: float64(5), int64(13), str(3)\n",
      "memory usage: 3.5 MB\n"
     ]
    }
   ],
   "source": [
    "df.info()"
   ]
  },
  {
   "cell_type": "code",
   "execution_count": 7,
   "id": "fc9d5529",
   "metadata": {},
   "outputs": [
    {
     "data": {
      "text/plain": [
       "Index(['id', 'date', 'price', 'bedrooms', 'bathrooms', 'sqft_living',\n",
       "       'sqft_lot', 'floors', 'waterfront', 'view', 'condition', 'grade',\n",
       "       'sqft_above', 'sqft_basement', 'yr_built', 'yr_renovated', 'zipcode',\n",
       "       'lat', 'long', 'sqft_living15', 'sqft_lot15'],\n",
       "      dtype='str')"
      ]
     },
     "execution_count": 7,
     "metadata": {},
     "output_type": "execute_result"
    }
   ],
   "source": [
    "df.columns"
   ]
  },
  {
   "cell_type": "code",
   "execution_count": 8,
   "id": "1dbb9bc8",
   "metadata": {},
   "outputs": [],
   "source": [
    "columns_to_drop = ['date', 'waterfront', 'condition']\n"
   ]
  },
  {
   "cell_type": "code",
   "execution_count": 9,
   "id": "9fbbf36b",
   "metadata": {},
   "outputs": [],
   "source": [
    "df = df.drop(columns=columns_to_drop)"
   ]
  },
  {
   "cell_type": "code",
   "execution_count": 10,
   "id": "eb15cdf2",
   "metadata": {},
   "outputs": [
    {
     "data": {
      "text/html": [
       "<div>\n",
       "<style scoped>\n",
       "    .dataframe tbody tr th:only-of-type {\n",
       "        vertical-align: middle;\n",
       "    }\n",
       "\n",
       "    .dataframe tbody tr th {\n",
       "        vertical-align: top;\n",
       "    }\n",
       "\n",
       "    .dataframe thead th {\n",
       "        text-align: right;\n",
       "    }\n",
       "</style>\n",
       "<table border=\"1\" class=\"dataframe\">\n",
       "  <thead>\n",
       "    <tr style=\"text-align: right;\">\n",
       "      <th></th>\n",
       "      <th>id</th>\n",
       "      <th>price</th>\n",
       "      <th>bedrooms</th>\n",
       "      <th>bathrooms</th>\n",
       "      <th>sqft_living</th>\n",
       "      <th>sqft_lot</th>\n",
       "      <th>floors</th>\n",
       "      <th>view</th>\n",
       "      <th>grade</th>\n",
       "      <th>sqft_above</th>\n",
       "      <th>sqft_basement</th>\n",
       "      <th>yr_built</th>\n",
       "      <th>yr_renovated</th>\n",
       "      <th>zipcode</th>\n",
       "      <th>lat</th>\n",
       "      <th>long</th>\n",
       "      <th>sqft_living15</th>\n",
       "      <th>sqft_lot15</th>\n",
       "    </tr>\n",
       "  </thead>\n",
       "  <tbody>\n",
       "    <tr>\n",
       "      <th>id</th>\n",
       "      <td>1.000000</td>\n",
       "      <td>-0.016762</td>\n",
       "      <td>0.001286</td>\n",
       "      <td>0.005160</td>\n",
       "      <td>-0.012258</td>\n",
       "      <td>-0.132109</td>\n",
       "      <td>0.018525</td>\n",
       "      <td>0.011592</td>\n",
       "      <td>0.008130</td>\n",
       "      <td>-0.010842</td>\n",
       "      <td>-0.005151</td>\n",
       "      <td>0.021380</td>\n",
       "      <td>-0.016907</td>\n",
       "      <td>-0.008224</td>\n",
       "      <td>-0.001891</td>\n",
       "      <td>0.020799</td>\n",
       "      <td>-0.002901</td>\n",
       "      <td>-0.138798</td>\n",
       "    </tr>\n",
       "    <tr>\n",
       "      <th>price</th>\n",
       "      <td>-0.016762</td>\n",
       "      <td>1.000000</td>\n",
       "      <td>0.308350</td>\n",
       "      <td>0.525138</td>\n",
       "      <td>0.702035</td>\n",
       "      <td>0.089661</td>\n",
       "      <td>0.256794</td>\n",
       "      <td>0.397293</td>\n",
       "      <td>0.667434</td>\n",
       "      <td>0.605567</td>\n",
       "      <td>0.323816</td>\n",
       "      <td>0.054012</td>\n",
       "      <td>0.126434</td>\n",
       "      <td>-0.053203</td>\n",
       "      <td>0.307003</td>\n",
       "      <td>0.021626</td>\n",
       "      <td>0.585379</td>\n",
       "      <td>0.082447</td>\n",
       "    </tr>\n",
       "    <tr>\n",
       "      <th>bedrooms</th>\n",
       "      <td>0.001286</td>\n",
       "      <td>0.308350</td>\n",
       "      <td>1.000000</td>\n",
       "      <td>0.515884</td>\n",
       "      <td>0.576671</td>\n",
       "      <td>0.031703</td>\n",
       "      <td>0.175429</td>\n",
       "      <td>0.079532</td>\n",
       "      <td>0.356967</td>\n",
       "      <td>0.477600</td>\n",
       "      <td>0.303093</td>\n",
       "      <td>0.154178</td>\n",
       "      <td>0.018841</td>\n",
       "      <td>-0.152668</td>\n",
       "      <td>-0.008931</td>\n",
       "      <td>0.129473</td>\n",
       "      <td>0.391638</td>\n",
       "      <td>0.029244</td>\n",
       "    </tr>\n",
       "    <tr>\n",
       "      <th>bathrooms</th>\n",
       "      <td>0.005160</td>\n",
       "      <td>0.525138</td>\n",
       "      <td>0.515884</td>\n",
       "      <td>1.000000</td>\n",
       "      <td>0.754665</td>\n",
       "      <td>0.087740</td>\n",
       "      <td>0.500653</td>\n",
       "      <td>0.187737</td>\n",
       "      <td>0.664983</td>\n",
       "      <td>0.685342</td>\n",
       "      <td>0.283770</td>\n",
       "      <td>0.506019</td>\n",
       "      <td>0.050739</td>\n",
       "      <td>-0.203866</td>\n",
       "      <td>0.024573</td>\n",
       "      <td>0.223042</td>\n",
       "      <td>0.568634</td>\n",
       "      <td>0.087175</td>\n",
       "    </tr>\n",
       "    <tr>\n",
       "      <th>sqft_living</th>\n",
       "      <td>-0.012258</td>\n",
       "      <td>0.702035</td>\n",
       "      <td>0.576671</td>\n",
       "      <td>0.754665</td>\n",
       "      <td>1.000000</td>\n",
       "      <td>0.172826</td>\n",
       "      <td>0.353949</td>\n",
       "      <td>0.284611</td>\n",
       "      <td>0.762704</td>\n",
       "      <td>0.876597</td>\n",
       "      <td>0.435043</td>\n",
       "      <td>0.318049</td>\n",
       "      <td>0.055363</td>\n",
       "      <td>-0.199430</td>\n",
       "      <td>0.052529</td>\n",
       "      <td>0.240223</td>\n",
       "      <td>0.756420</td>\n",
       "      <td>0.183286</td>\n",
       "    </tr>\n",
       "    <tr>\n",
       "      <th>sqft_lot</th>\n",
       "      <td>-0.132109</td>\n",
       "      <td>0.089661</td>\n",
       "      <td>0.031703</td>\n",
       "      <td>0.087740</td>\n",
       "      <td>0.172826</td>\n",
       "      <td>1.000000</td>\n",
       "      <td>-0.005201</td>\n",
       "      <td>0.074710</td>\n",
       "      <td>0.113621</td>\n",
       "      <td>0.183512</td>\n",
       "      <td>0.015286</td>\n",
       "      <td>0.053080</td>\n",
       "      <td>0.007644</td>\n",
       "      <td>-0.129574</td>\n",
       "      <td>-0.085683</td>\n",
       "      <td>0.229521</td>\n",
       "      <td>0.144608</td>\n",
       "      <td>0.718557</td>\n",
       "    </tr>\n",
       "    <tr>\n",
       "      <th>floors</th>\n",
       "      <td>0.018525</td>\n",
       "      <td>0.256794</td>\n",
       "      <td>0.175429</td>\n",
       "      <td>0.500653</td>\n",
       "      <td>0.353949</td>\n",
       "      <td>-0.005201</td>\n",
       "      <td>1.000000</td>\n",
       "      <td>0.029444</td>\n",
       "      <td>0.458183</td>\n",
       "      <td>0.523885</td>\n",
       "      <td>-0.245705</td>\n",
       "      <td>0.489319</td>\n",
       "      <td>0.006338</td>\n",
       "      <td>-0.059121</td>\n",
       "      <td>0.049614</td>\n",
       "      <td>0.125419</td>\n",
       "      <td>0.279885</td>\n",
       "      <td>-0.011269</td>\n",
       "    </tr>\n",
       "    <tr>\n",
       "      <th>view</th>\n",
       "      <td>0.011592</td>\n",
       "      <td>0.397293</td>\n",
       "      <td>0.079532</td>\n",
       "      <td>0.187737</td>\n",
       "      <td>0.284611</td>\n",
       "      <td>0.074710</td>\n",
       "      <td>0.029444</td>\n",
       "      <td>1.000000</td>\n",
       "      <td>0.251321</td>\n",
       "      <td>0.167649</td>\n",
       "      <td>0.276947</td>\n",
       "      <td>-0.053440</td>\n",
       "      <td>0.103917</td>\n",
       "      <td>0.084827</td>\n",
       "      <td>0.006157</td>\n",
       "      <td>-0.078400</td>\n",
       "      <td>0.280439</td>\n",
       "      <td>0.072575</td>\n",
       "    </tr>\n",
       "    <tr>\n",
       "      <th>grade</th>\n",
       "      <td>0.008130</td>\n",
       "      <td>0.667434</td>\n",
       "      <td>0.356967</td>\n",
       "      <td>0.664983</td>\n",
       "      <td>0.762704</td>\n",
       "      <td>0.113621</td>\n",
       "      <td>0.458183</td>\n",
       "      <td>0.251321</td>\n",
       "      <td>1.000000</td>\n",
       "      <td>0.755923</td>\n",
       "      <td>0.168392</td>\n",
       "      <td>0.446963</td>\n",
       "      <td>0.014414</td>\n",
       "      <td>-0.184862</td>\n",
       "      <td>0.114084</td>\n",
       "      <td>0.198372</td>\n",
       "      <td>0.713202</td>\n",
       "      <td>0.119248</td>\n",
       "    </tr>\n",
       "    <tr>\n",
       "      <th>sqft_above</th>\n",
       "      <td>-0.010842</td>\n",
       "      <td>0.605567</td>\n",
       "      <td>0.477600</td>\n",
       "      <td>0.685342</td>\n",
       "      <td>0.876597</td>\n",
       "      <td>0.183512</td>\n",
       "      <td>0.523885</td>\n",
       "      <td>0.167649</td>\n",
       "      <td>0.755923</td>\n",
       "      <td>1.000000</td>\n",
       "      <td>-0.051943</td>\n",
       "      <td>0.423898</td>\n",
       "      <td>0.023285</td>\n",
       "      <td>-0.261190</td>\n",
       "      <td>-0.000816</td>\n",
       "      <td>0.343803</td>\n",
       "      <td>0.731870</td>\n",
       "      <td>0.194050</td>\n",
       "    </tr>\n",
       "    <tr>\n",
       "      <th>sqft_basement</th>\n",
       "      <td>-0.005151</td>\n",
       "      <td>0.323816</td>\n",
       "      <td>0.303093</td>\n",
       "      <td>0.283770</td>\n",
       "      <td>0.435043</td>\n",
       "      <td>0.015286</td>\n",
       "      <td>-0.245705</td>\n",
       "      <td>0.276947</td>\n",
       "      <td>0.168392</td>\n",
       "      <td>-0.051943</td>\n",
       "      <td>1.000000</td>\n",
       "      <td>-0.133124</td>\n",
       "      <td>0.071323</td>\n",
       "      <td>0.074845</td>\n",
       "      <td>0.110538</td>\n",
       "      <td>-0.144765</td>\n",
       "      <td>0.200355</td>\n",
       "      <td>0.017276</td>\n",
       "    </tr>\n",
       "    <tr>\n",
       "      <th>yr_built</th>\n",
       "      <td>0.021380</td>\n",
       "      <td>0.054012</td>\n",
       "      <td>0.154178</td>\n",
       "      <td>0.506019</td>\n",
       "      <td>0.318049</td>\n",
       "      <td>0.053080</td>\n",
       "      <td>0.489319</td>\n",
       "      <td>-0.053440</td>\n",
       "      <td>0.446963</td>\n",
       "      <td>0.423898</td>\n",
       "      <td>-0.133124</td>\n",
       "      <td>1.000000</td>\n",
       "      <td>-0.224874</td>\n",
       "      <td>-0.346869</td>\n",
       "      <td>-0.148122</td>\n",
       "      <td>0.409356</td>\n",
       "      <td>0.326229</td>\n",
       "      <td>0.070958</td>\n",
       "    </tr>\n",
       "    <tr>\n",
       "      <th>yr_renovated</th>\n",
       "      <td>-0.016907</td>\n",
       "      <td>0.126434</td>\n",
       "      <td>0.018841</td>\n",
       "      <td>0.050739</td>\n",
       "      <td>0.055363</td>\n",
       "      <td>0.007644</td>\n",
       "      <td>0.006338</td>\n",
       "      <td>0.103917</td>\n",
       "      <td>0.014414</td>\n",
       "      <td>0.023285</td>\n",
       "      <td>0.071323</td>\n",
       "      <td>-0.224874</td>\n",
       "      <td>1.000000</td>\n",
       "      <td>0.064357</td>\n",
       "      <td>0.029398</td>\n",
       "      <td>-0.068372</td>\n",
       "      <td>-0.002673</td>\n",
       "      <td>0.007854</td>\n",
       "    </tr>\n",
       "    <tr>\n",
       "      <th>zipcode</th>\n",
       "      <td>-0.008224</td>\n",
       "      <td>-0.053203</td>\n",
       "      <td>-0.152668</td>\n",
       "      <td>-0.203866</td>\n",
       "      <td>-0.199430</td>\n",
       "      <td>-0.129574</td>\n",
       "      <td>-0.059121</td>\n",
       "      <td>0.084827</td>\n",
       "      <td>-0.184862</td>\n",
       "      <td>-0.261190</td>\n",
       "      <td>0.074845</td>\n",
       "      <td>-0.346869</td>\n",
       "      <td>0.064357</td>\n",
       "      <td>1.000000</td>\n",
       "      <td>0.267048</td>\n",
       "      <td>-0.564072</td>\n",
       "      <td>-0.279033</td>\n",
       "      <td>-0.147221</td>\n",
       "    </tr>\n",
       "    <tr>\n",
       "      <th>lat</th>\n",
       "      <td>-0.001891</td>\n",
       "      <td>0.307003</td>\n",
       "      <td>-0.008931</td>\n",
       "      <td>0.024573</td>\n",
       "      <td>0.052529</td>\n",
       "      <td>-0.085683</td>\n",
       "      <td>0.049614</td>\n",
       "      <td>0.006157</td>\n",
       "      <td>0.114084</td>\n",
       "      <td>-0.000816</td>\n",
       "      <td>0.110538</td>\n",
       "      <td>-0.148122</td>\n",
       "      <td>0.029398</td>\n",
       "      <td>0.267048</td>\n",
       "      <td>1.000000</td>\n",
       "      <td>-0.135512</td>\n",
       "      <td>0.048858</td>\n",
       "      <td>-0.086419</td>\n",
       "    </tr>\n",
       "    <tr>\n",
       "      <th>long</th>\n",
       "      <td>0.020799</td>\n",
       "      <td>0.021626</td>\n",
       "      <td>0.129473</td>\n",
       "      <td>0.223042</td>\n",
       "      <td>0.240223</td>\n",
       "      <td>0.229521</td>\n",
       "      <td>0.125419</td>\n",
       "      <td>-0.078400</td>\n",
       "      <td>0.198372</td>\n",
       "      <td>0.343803</td>\n",
       "      <td>-0.144765</td>\n",
       "      <td>0.409356</td>\n",
       "      <td>-0.068372</td>\n",
       "      <td>-0.564072</td>\n",
       "      <td>-0.135512</td>\n",
       "      <td>1.000000</td>\n",
       "      <td>0.334605</td>\n",
       "      <td>0.254451</td>\n",
       "    </tr>\n",
       "    <tr>\n",
       "      <th>sqft_living15</th>\n",
       "      <td>-0.002901</td>\n",
       "      <td>0.585379</td>\n",
       "      <td>0.391638</td>\n",
       "      <td>0.568634</td>\n",
       "      <td>0.756420</td>\n",
       "      <td>0.144608</td>\n",
       "      <td>0.279885</td>\n",
       "      <td>0.280439</td>\n",
       "      <td>0.713202</td>\n",
       "      <td>0.731870</td>\n",
       "      <td>0.200355</td>\n",
       "      <td>0.326229</td>\n",
       "      <td>-0.002673</td>\n",
       "      <td>-0.279033</td>\n",
       "      <td>0.048858</td>\n",
       "      <td>0.334605</td>\n",
       "      <td>1.000000</td>\n",
       "      <td>0.183192</td>\n",
       "    </tr>\n",
       "    <tr>\n",
       "      <th>sqft_lot15</th>\n",
       "      <td>-0.138798</td>\n",
       "      <td>0.082447</td>\n",
       "      <td>0.029244</td>\n",
       "      <td>0.087175</td>\n",
       "      <td>0.183286</td>\n",
       "      <td>0.718557</td>\n",
       "      <td>-0.011269</td>\n",
       "      <td>0.072575</td>\n",
       "      <td>0.119248</td>\n",
       "      <td>0.194050</td>\n",
       "      <td>0.017276</td>\n",
       "      <td>0.070958</td>\n",
       "      <td>0.007854</td>\n",
       "      <td>-0.147221</td>\n",
       "      <td>-0.086419</td>\n",
       "      <td>0.254451</td>\n",
       "      <td>0.183192</td>\n",
       "      <td>1.000000</td>\n",
       "    </tr>\n",
       "  </tbody>\n",
       "</table>\n",
       "</div>"
      ],
      "text/plain": [
       "                     id     price  bedrooms  bathrooms  sqft_living  sqft_lot  \\\n",
       "id             1.000000 -0.016762  0.001286   0.005160    -0.012258 -0.132109   \n",
       "price         -0.016762  1.000000  0.308350   0.525138     0.702035  0.089661   \n",
       "bedrooms       0.001286  0.308350  1.000000   0.515884     0.576671  0.031703   \n",
       "bathrooms      0.005160  0.525138  0.515884   1.000000     0.754665  0.087740   \n",
       "sqft_living   -0.012258  0.702035  0.576671   0.754665     1.000000  0.172826   \n",
       "sqft_lot      -0.132109  0.089661  0.031703   0.087740     0.172826  1.000000   \n",
       "floors         0.018525  0.256794  0.175429   0.500653     0.353949 -0.005201   \n",
       "view           0.011592  0.397293  0.079532   0.187737     0.284611  0.074710   \n",
       "grade          0.008130  0.667434  0.356967   0.664983     0.762704  0.113621   \n",
       "sqft_above    -0.010842  0.605567  0.477600   0.685342     0.876597  0.183512   \n",
       "sqft_basement -0.005151  0.323816  0.303093   0.283770     0.435043  0.015286   \n",
       "yr_built       0.021380  0.054012  0.154178   0.506019     0.318049  0.053080   \n",
       "yr_renovated  -0.016907  0.126434  0.018841   0.050739     0.055363  0.007644   \n",
       "zipcode       -0.008224 -0.053203 -0.152668  -0.203866    -0.199430 -0.129574   \n",
       "lat           -0.001891  0.307003 -0.008931   0.024573     0.052529 -0.085683   \n",
       "long           0.020799  0.021626  0.129473   0.223042     0.240223  0.229521   \n",
       "sqft_living15 -0.002901  0.585379  0.391638   0.568634     0.756420  0.144608   \n",
       "sqft_lot15    -0.138798  0.082447  0.029244   0.087175     0.183286  0.718557   \n",
       "\n",
       "                 floors      view     grade  sqft_above  sqft_basement  \\\n",
       "id             0.018525  0.011592  0.008130   -0.010842      -0.005151   \n",
       "price          0.256794  0.397293  0.667434    0.605567       0.323816   \n",
       "bedrooms       0.175429  0.079532  0.356967    0.477600       0.303093   \n",
       "bathrooms      0.500653  0.187737  0.664983    0.685342       0.283770   \n",
       "sqft_living    0.353949  0.284611  0.762704    0.876597       0.435043   \n",
       "sqft_lot      -0.005201  0.074710  0.113621    0.183512       0.015286   \n",
       "floors         1.000000  0.029444  0.458183    0.523885      -0.245705   \n",
       "view           0.029444  1.000000  0.251321    0.167649       0.276947   \n",
       "grade          0.458183  0.251321  1.000000    0.755923       0.168392   \n",
       "sqft_above     0.523885  0.167649  0.755923    1.000000      -0.051943   \n",
       "sqft_basement -0.245705  0.276947  0.168392   -0.051943       1.000000   \n",
       "yr_built       0.489319 -0.053440  0.446963    0.423898      -0.133124   \n",
       "yr_renovated   0.006338  0.103917  0.014414    0.023285       0.071323   \n",
       "zipcode       -0.059121  0.084827 -0.184862   -0.261190       0.074845   \n",
       "lat            0.049614  0.006157  0.114084   -0.000816       0.110538   \n",
       "long           0.125419 -0.078400  0.198372    0.343803      -0.144765   \n",
       "sqft_living15  0.279885  0.280439  0.713202    0.731870       0.200355   \n",
       "sqft_lot15    -0.011269  0.072575  0.119248    0.194050       0.017276   \n",
       "\n",
       "               yr_built  yr_renovated   zipcode       lat      long  \\\n",
       "id             0.021380     -0.016907 -0.008224 -0.001891  0.020799   \n",
       "price          0.054012      0.126434 -0.053203  0.307003  0.021626   \n",
       "bedrooms       0.154178      0.018841 -0.152668 -0.008931  0.129473   \n",
       "bathrooms      0.506019      0.050739 -0.203866  0.024573  0.223042   \n",
       "sqft_living    0.318049      0.055363 -0.199430  0.052529  0.240223   \n",
       "sqft_lot       0.053080      0.007644 -0.129574 -0.085683  0.229521   \n",
       "floors         0.489319      0.006338 -0.059121  0.049614  0.125419   \n",
       "view          -0.053440      0.103917  0.084827  0.006157 -0.078400   \n",
       "grade          0.446963      0.014414 -0.184862  0.114084  0.198372   \n",
       "sqft_above     0.423898      0.023285 -0.261190 -0.000816  0.343803   \n",
       "sqft_basement -0.133124      0.071323  0.074845  0.110538 -0.144765   \n",
       "yr_built       1.000000     -0.224874 -0.346869 -0.148122  0.409356   \n",
       "yr_renovated  -0.224874      1.000000  0.064357  0.029398 -0.068372   \n",
       "zipcode       -0.346869      0.064357  1.000000  0.267048 -0.564072   \n",
       "lat           -0.148122      0.029398  0.267048  1.000000 -0.135512   \n",
       "long           0.409356     -0.068372 -0.564072 -0.135512  1.000000   \n",
       "sqft_living15  0.326229     -0.002673 -0.279033  0.048858  0.334605   \n",
       "sqft_lot15     0.070958      0.007854 -0.147221 -0.086419  0.254451   \n",
       "\n",
       "               sqft_living15  sqft_lot15  \n",
       "id                 -0.002901   -0.138798  \n",
       "price               0.585379    0.082447  \n",
       "bedrooms            0.391638    0.029244  \n",
       "bathrooms           0.568634    0.087175  \n",
       "sqft_living         0.756420    0.183286  \n",
       "sqft_lot            0.144608    0.718557  \n",
       "floors              0.279885   -0.011269  \n",
       "view                0.280439    0.072575  \n",
       "grade               0.713202    0.119248  \n",
       "sqft_above          0.731870    0.194050  \n",
       "sqft_basement       0.200355    0.017276  \n",
       "yr_built            0.326229    0.070958  \n",
       "yr_renovated       -0.002673    0.007854  \n",
       "zipcode            -0.279033   -0.147221  \n",
       "lat                 0.048858   -0.086419  \n",
       "long                0.334605    0.254451  \n",
       "sqft_living15       1.000000    0.183192  \n",
       "sqft_lot15          0.183192    1.000000  "
      ]
     },
     "execution_count": 10,
     "metadata": {},
     "output_type": "execute_result"
    }
   ],
   "source": [
    "df.corr()"
   ]
  },
  {
   "cell_type": "code",
   "execution_count": 11,
   "id": "698b3d98",
   "metadata": {},
   "outputs": [
    {
     "name": "stdout",
     "output_type": "stream",
     "text": [
      "Training accuracy scores: 0.681\n",
      "Test accuracy scores: 0.686\n",
      "          Feature    Coefficient\n",
      "13            lat  595177.857633\n",
      "7           grade   92300.027863\n",
      "6            view   83153.311864\n",
      "2       bathrooms   41521.609834\n",
      "5          floors    5887.418667\n",
      "3     sqft_living     116.055888\n",
      "8      sqft_above      75.569437\n",
      "9   sqft_basement      40.486451\n",
      "11   yr_renovated      19.477826\n",
      "15  sqft_living15      18.251562\n",
      "4        sqft_lot       0.128991\n",
      "0              id      -0.000001\n",
      "16     sqft_lot15      -0.440288\n",
      "12        zipcode    -626.518174\n",
      "10       yr_built   -2856.817267\n",
      "1        bedrooms  -37182.628163\n",
      "14           long -227995.955279\n",
      "Intercept: 10334380.070084058\n"
     ]
    }
   ],
   "source": [
    "from sklearn.linear_model import LinearRegression\n",
    "from sklearn.model_selection import train_test_split\n",
    "\n",
    "#define X and y\n",
    "X = df.drop(columns='price')\n",
    "y = df['price']\n",
    "\n",
    "#split data into train and test\n",
    "X_train, X_test, y_train, y_test = train_test_split(X, y, train_size=0.8, random_state=0)\n",
    "\n",
    "#define model\n",
    "model = LinearRegression()\n",
    "model.fit(X_train, y_train)\n",
    "\n",
    "#view scores\n",
    "print('Training accuracy scores: {:.3f}'.format(model.score(X_train, y_train)))\n",
    "print('Test accuracy scores: {:.3f}'.format(model.score(X_test, y_test)))\n",
    "\n",
    "# See how much each feature impacts price\n",
    "coefficients = pd.DataFrame({\n",
    "    'Feature'     : X.columns,\n",
    "    'Coefficient' : model.coef_\n",
    "})\n",
    "print(coefficients.sort_values('Coefficient', ascending=False))\n",
    "print('Intercept:', model.intercept_)"
   ]
  },
  {
   "cell_type": "code",
   "execution_count": 12,
   "id": "aa6295cc",
   "metadata": {},
   "outputs": [
    {
     "data": {
