{
 "cells": [
  {
   "cell_type": "code",
   "execution_count": 1,
   "id": "a669ea23",
   "metadata": {},
   "outputs": [],
   "source": [
    "import pandas as pd "
   ]
  },
  {
   "cell_type": "code",
   "execution_count": 2,
   "id": "3704725f",
   "metadata": {},
   "outputs": [],
   "source": [
    "df = pd.read_excel(\"Groceries_Sales_data.xlsx\")"
   ]
  },
  {
   "cell_type": "code",
   "execution_count": 3,
   "id": "cd35653a",
   "metadata": {},
   "outputs": [
    {
     "data": {
      "text/html": [
       "<div>\n",
       "<style scoped>\n",
       "    .dataframe tbody tr th:only-of-type {\n",
       "        vertical-align: middle;\n",
       "    }\n",
       "\n",
       "    .dataframe tbody tr th {\n",
       "        vertical-align: top;\n",
       "    }\n",
       "\n",
       "    .dataframe thead th {\n",
       "        text-align: right;\n",
       "    }\n",
       "</style>\n",
       "<table border=\"1\" class=\"dataframe\">\n",
       "  <thead>\n",
       "    <tr style=\"text-align: right;\">\n",
       "      <th></th>\n",
       "      <th>Date</th>\n",
       "      <th>Sales</th>\n",
       "    </tr>\n",
       "  </thead>\n",
       "  <tbody>\n",
       "    <tr>\n",
       "      <th>0</th>\n",
       "      <td>2018-02-01</td>\n",
       "      <td>21199.0</td>\n",
       "    </tr>\n",
       "    <tr>\n",
       "      <th>1</th>\n",
       "      <td>2018-02-02</td>\n",
       "      <td>10634.0</td>\n",
       "    </tr>\n",
       "    <tr>\n",
       "      <th>2</th>\n",
       "      <td>2018-02-03</td>\n",
       "      <td>7966.0</td>\n",
       "    </tr>\n",
       "    <tr>\n",
       "      <th>3</th>\n",
       "      <td>2018-02-04</td>\n",
       "      <td>1353.0</td>\n",
       "    </tr>\n",
       "    <tr>\n",
       "      <th>4</th>\n",
       "      <td>2018-02-05</td>\n",
       "      <td>9497.0</td>\n",
       "    </tr>\n",
       "    <tr>\n",
       "      <th>...</th>\n",
       "      <td>...</td>\n",
       "      <td>...</td>\n",
       "    </tr>\n",
       "    <tr>\n",
       "      <th>751</th>\n",
       "      <td>2020-02-22</td>\n",
       "      <td>18723.1</td>\n",
       "    </tr>\n",
       "    <tr>\n",
       "      <th>752</th>\n",
       "      <td>2020-02-23</td>\n",
       "      <td>4274.9</td>\n",
       "    </tr>\n",
       "    <tr>\n",
       "      <th>753</th>\n",
       "      <td>2020-02-24</td>\n",
       "      <td>45805.7</td>\n",
       "    </tr>\n",
       "    <tr>\n",
       "      <th>754</th>\n",
       "      <td>2020-02-25</td>\n",
       "      <td>35566.3</td>\n",
       "    </tr>\n",
       "    <tr>\n",
       "      <th>755</th>\n",
       "      <td>2020-02-26</td>\n",
       "      <td>46703.0</td>\n",
       "    </tr>\n",
       "  </tbody>\n",
       "</table>\n",
       "<p>756 rows × 2 columns</p>\n",
       "</div>"
      ],
      "text/plain": [
       "          Date    Sales\n",
       "0   2018-02-01  21199.0\n",
       "1   2018-02-02  10634.0\n",
       "2   2018-02-03   7966.0\n",
       "3   2018-02-04   1353.0\n",
       "4   2018-02-05   9497.0\n",
       "..         ...      ...\n",
       "751 2020-02-22  18723.1\n",
       "752 2020-02-23   4274.9\n",
       "753 2020-02-24  45805.7\n",
       "754 2020-02-25  35566.3\n",
       "755 2020-02-26  46703.0\n",
       "\n",
       "[756 rows x 2 columns]"
      ]
     },
     "execution_count": 3,
     "metadata": {},
     "output_type": "execute_result"
    }
   ],
   "source": [
    "df"
   ]
  },
  {
   "cell_type": "code",
   "execution_count": 4,
   "id": "7b873380",
   "metadata": {},
   "outputs": [
    {
     "name": "stdout",
     "output_type": "stream",
     "text": [
      "<class 'pandas.DataFrame'>\n",
      "RangeIndex: 756 entries, 0 to 755\n",
      "Data columns (total 2 columns):\n",
      " #   Column  Non-Null Count  Dtype         \n",
      "---  ------  --------------  -----         \n",
      " 0   Date    756 non-null    datetime64[us]\n",
      " 1   Sales   756 non-null    float64       \n",
      "dtypes: datetime64[us](1), float64(1)\n",
      "memory usage: 11.9 KB\n"
     ]
    }
   ],
   "source": [
    "df.info()"
   ]
  },
  {
   "cell_type": "code",
   "execution_count": 6,
   "id": "9e468ac5",
   "metadata": {},
   "outputs": [
    {
     "data": {
      "text/html": [
       "<div>\n",
       "<style scoped>\n",
       "    .dataframe tbody tr th:only-of-type {\n",
       "        vertical-align: middle;\n",
       "    }\n",
       "\n",
       "    .dataframe tbody tr th {\n",
       "        vertical-align: top;\n",
       "    }\n",
       "\n",
       "    .dataframe thead th {\n",
       "        text-align: right;\n",
       "    }\n",
       "</style>\n",
       "<table border=\"1\" class=\"dataframe\">\n",
       "  <thead>\n",
       "    <tr style=\"text-align: right;\">\n",
       "      <th></th>\n",
       "      <th>Date</th>\n",
       "      <th>Sales</th>\n",
       "    </tr>\n",
       "  </thead>\n",
       "  <tbody>\n",
       "    <tr>\n",
       "      <th>755</th>\n",
       "      <td>2020-02-26</td>\n",
       "      <td>46703.0</td>\n",
       "    </tr>\n",
       "    <tr>\n",
       "      <th>754</th>\n",
       "      <td>2020-02-25</td>\n",
       "      <td>35566.3</td>\n",
       "    </tr>\n",
       "    <tr>\n",
       "      <th>753</th>\n",
       "      <td>2020-02-24</td>\n",
       "      <td>45805.7</td>\n",
       "    </tr>\n",
       "    <tr>\n",
       "      <th>752</th>\n",
       "      <td>2020-02-23</td>\n",
       "      <td>4274.9</td>\n",
       "    </tr>\n",
       "    <tr>\n",
       "      <th>751</th>\n",
       "      <td>2020-02-22</td>\n",
       "      <td>18723.1</td>\n",
       "    </tr>\n",
       "    <tr>\n",
       "      <th>...</th>\n",
       "      <td>...</td>\n",
       "      <td>...</td>\n",
       "    </tr>\n",
       "    <tr>\n",
       "      <th>4</th>\n",
       "      <td>2018-02-05</td>\n",
       "      <td>9497.0</td>\n",
       "    </tr>\n",
       "    <tr>\n",
       "      <th>3</th>\n",
       "      <td>2018-02-04</td>\n",
       "      <td>1353.0</td>\n",
       "    </tr>\n",
       "    <tr>\n",
       "      <th>2</th>\n",
       "      <td>2018-02-03</td>\n",
       "      <td>7966.0</td>\n",
       "    </tr>\n",
       "    <tr>\n",
       "      <th>1</th>\n",
       "      <td>2018-02-02</td>\n",
       "      <td>10634.0</td>\n",
       "    </tr>\n",
       "    <tr>\n",
       "      <th>0</th>\n",
       "      <td>2018-02-01</td>\n",
       "      <td>21199.0</td>\n",
       "    </tr>\n",
       "  </tbody>\n",
       "</table>\n",
       "<p>756 rows × 2 columns</p>\n",
       "</div>"
      ],
      "text/plain": [
       "          Date    Sales\n",
       "755 2020-02-26  46703.0\n",
       "754 2020-02-25  35566.3\n",
       "753 2020-02-24  45805.7\n",
       "752 2020-02-23   4274.9\n",
       "751 2020-02-22  18723.1\n",
       "..         ...      ...\n",
       "4   2018-02-05   9497.0\n",
       "3   2018-02-04   1353.0\n",
       "2   2018-02-03   7966.0\n",
       "1   2018-02-02  10634.0\n",
       "0   2018-02-01  21199.0\n",
       "\n",
       "[756 rows x 2 columns]"
      ]
     },
     "execution_count": 6,
     "metadata": {},
     "output_type": "execute_result"
    }
   ],
   "source": [
    "df.sort_values(by='Date', ascending=False)"
   ]
  },
  {
   "cell_type": "code",
   "execution_count": 14,
   "id": "1538799a",
   "metadata": {},
   "outputs": [],
   "source": [
    "def pareto_analysis(df, sort_by, n):\n",
    "    df_order = df.sort_values(by=sort_by, ascending=False).copy()\n",
    "    ranks = df_order[sort_by].rank(method='first', ascending=False)\n",
    "    df_order['group'] = pd.qcut(ranks, q=n)\n",
    "    total = df_order[sort_by].sum()\n",
    "    proportions = df_order.groupby('group')[sort_by].sum()/total\n",
    "    proportions = proportions.sort_values(ascending=False)\n",
    "    return proportions"
   ]
  },
  {
   "cell_type": "code",
   "execution_count": 15,
   "id": "d227f7c2",
   "metadata": {},
   "outputs": [
    {
     "data": {
      "text/plain": [
       "group\n",
       "(0.999, 76.5]     0.283446\n",
       "(76.5, 152.0]     0.197281\n",
       "(152.0, 227.5]    0.135945\n",
       "(227.5, 303.0]    0.104702\n",
       "(303.0, 378.5]    0.081238\n",
       "(378.5, 454.0]    0.067009\n",
       "(454.0, 529.5]    0.051118\n",
       "(529.5, 605.0]    0.040113\n",
       "(605.0, 680.5]    0.025500\n",
       "(680.5, 756.0]    0.013648\n",
       "Name: Sales, dtype: float64"
      ]
     },
     "execution_count": 15,
     "metadata": {},
     "output_type": "execute_result"
    }
   ],
   "source": [
    "pareto_analysis(df=df, sort_by='Sales', n=10)"
   ]
  },
  {
   "cell_type": "code",
   "execution_count": null,
   "id": "ef645460",
   "metadata": {},
   "outputs": [],
   "source": []
  }
 ],
 "metadata": {
  "kernelspec": {
   "display_name": ".venv (3.11.6)",
   "language": "python",
   "name": "python3"
  },
  "language_info": {
   "codemirror_mode": {
    "name": "ipython",
    "version": 3
   },
   "file_extension": ".py",
   "mimetype": "text/x-python",
   "name": "python",
   "nbconvert_exporter": "python",
   "pygments_lexer": "ipython3",
   "version": "3.11.6"
  }
 },
 "nbformat": 4,
 "nbformat_minor": 5
}
